6100
0
15
30
45
60
136
75
90
75226
105
120
135
150
165
180
31771
195
210
60961
225
60136
240
8206
255
22771
270
285
300
315
30961
330
345
8701
360
375
390
67306
405
420
67891
435
450
465
480
495
510
525
540
60511
555
570
585
77296
600
39316
615
630
10696
645
660
74716
675
690
705
720
46681
735
10771
750
765
18271
780
16501
795
23881
810
825
840
73606
855
870
6856
885
900
915
930
945
25126
960
975
990
1005
1020
1035
15046
1050
1065
1080
1095
1110
12781
1125
1140
1155
1170
1185
1200
32071
1215
1230
1245
1260
1275
30781
1290
1305
1320
1335
1350
9931
1365
1380
10216
1395
1410
1425
1440
12451
1455
73666
1470
1485
1500
1515
1530
71371
1545
1560
1575
1651
1590
1605
1620
1635
1650
70306
1665
1680
1695
1710
1725
1740
1755
18196
1770
1785
1800
1815
30811
1830
1845
1860
1875
20041
1890
1905
1920
13231
1935
20446
1950
48046
1965
10996
1980
1995
2010
2025
2040
14041
2055
2070
2085
15721
2100
2115
66961
2130
22381
2145
24346
2160
28906
2175
19501
2190
75241
2205
2220
2235
2250
2265
25651
2280
2295
2310
2325
2340
2355
60916
2370
2385
2400
2415
2430
2445
2460
2866
2475
16171
2490
2505
2520
2535
2550
2565
2580
2595
2610
2625
2640
2655
2670
2685
2700
2715
62881
2730
2745
2760
17641
2775
2790
2805
2820
2835
2850
9121
2865
2880
36466
2895
33586
2910
2925
2940
35536
2955
2970
76081
2985
3000
3015
3030
4561
3045
14656
3060
3075
3090
5206
3105
3120
3135
20566
3150
3165
69781
3180
3195
3210
26161
3225
3240
12991
3255
3270
61906
3285
3300
3315
3330
3345
3360
40186
3375
3390
3405
3420
3435
3450
3465
13006
3480
3495
37351
3510
3525
3540
3555
3570
25231
3585
3600
3615
3630
3645
3660
3675
3690
57946
3705
3720
3735
3750
3765
3780
3795
3810
3825
3840
27016
3855
72031
3870
3885
3900
45421
3915
36946
3930
7411
3945
3960
3975
46981
3990
32506
4005
4020
4035
4050
4065
4080
14281
4095
4110
4125
4140
4155
49606
4170
4185
4200
4215
4230
4245
4260
4275
4290
4305
4320
4335
68731
4350
36691
4365
43366
4380
76681
4395
4410
9436
4425
64591
4440
4455
4470
16981
4485
4500
8296
4515
66361
4530
4545
4560
4575
4590
4605
4620
4635
4650
43966
4665
4680
4695
4710
62146
4725
4740
22306
4755
4770
34006
4785
19516
4800
4815
72151
4830
4845
4860
4875
4890
4905
4920
4935
4950
12151
4965
4980
4995
40891
5010
24001
5025
5040
5055
5070
5085
41746
5100
78586
5115
14791
5130
35326
5145
5160
5175
5190
5205
5220
30991
5235
5250
5265
5280
5295
5310
5325
42106
5340
5355
5370
5385
5400
5415
5430
5445
5460
63061
5475
5490
5505
5520
5535
5550
5565
37426
5580
5595
5610
5625
5640
35701
5655
49306
5670
5685
5700
67171
5715
68311
5730
5745
5760
5775
5790
5805
5820
5835
5850
5865
46411
5880
5895
5910
5925
5940
5955
5970
5985
24466
6000
6015
6030
6045
6060
6075
6090
6105
43756
6120
6135
6150
41191
6165
6180
6195
68056
6210
42226
6225
67051
6240
6255
6270
37111
6285
6300
6315
49831
6330
6345
6360
6375
6390
20581
6405
13816
6420
7756
6435
6450
22921
6465
6480
6495
6510
6525
6540
6555
6570
62536
6585
6600
60421
6615
6630
68671
6645
6660
6675
6690
6705
6720
6735
25861
6750
6765
6780
65131
6795
6810
6825
6840
6855
50596
6870
6885
6900
8881
6915
26356
6930
6945
6960
6975
6990
7005
7020
26056
7035
7050
25876
7065
7080
7095
7110
7125
63001
7140
7155
7170
7185
7200
7215
7230
49321
7245
7260
7275
7290
7305
7320
39886
7335
7350
7365
47971
7380
47581
7395
7410
7425
7440
7455
62671
7470
7485
7500
7515
59491
7530
30541
7545
69271
7560
7575
7590
7605
7620
20551
7635
67981
7650
13861
7665
7680
7695
7710
65461
7725
7740
7755
7770
18646
7785
7800
7815
7830
7845
7860
7875
7890
7905
7920
7935
7950
7965
31081
7980
40366
7995
48076
8010
8025
8040
32266
8055
27991
8070
36151
8085
8100
8115
20146
8130
8145
71386
8160
8175
8190
8205
8220
8235
8250
8265
8280
8295
8310
8325
20641
8340
8355
8370
8385
76876
8400
8415
67771
8430
8445
8460
8475
8490
8505
8520
8535
26101
8550
8565
70981
8580
8595
8610
8625
8640
60541
8655
8670
21886
8685
29281
8700
8715
8730
47461
8745
8760
8775
8790
8805
8820
8835
39361
8850
8865
59791
8880
8895
35596
8910
8925
8940
8955
8970
8985
36601
9000
9015
9030
9045
25216
9060
73906
9075
53866
9090
36166
9105
9120
14896
9135
9150
9165
61051
9180
9195
9210
9225
9240
9255
9270
9285
9300
9315
9330
9345
70426
9360
54886
9375
9390
9405
9420
9435
9450
9465
9480
9495
9510
51931
9525
9540
58606
9555
9570
9585
9600
9615
9630
9645
9660
9675
9690
42406
9705
9720
9735
9750
9765
9780
64006
9795
9810
9825
9840
9855
9870
16411
9885
9900
30106
9915
9930
59956
9945
9960
9975
9990
10005
10020
10035
10050
10065
10080
45241
10095
10110
10125
10140
10155
10170
10185
10200
15676
10215
10230
10245
10260
10275
68491
10290
10305
10320
10335
42466
10350
10365
10380
10395
10410
10425
21391
10440
10455
10470
35716
10485
10500
10515
10530
10545
10560
10575
32521
10590
10605
10620
10635
75901
10650
19891
10665
10680
36376
10695
10710
73981
10725
63721
10740
23896
10755
10770
10785
17896
10800
10815
10830
10845
10860
10875
33631
10890
10905
10920
59011
10935
10950
10965
10980
10995
56161
11010
11025
11040
11055
11070
11085
11100
11115
11130
11145
11251
11160
11175
11190
11205
11220
41806
11235
11250
68161
11265
11280
11295
11310
11325
11340
11355
11370
11385
11400
11415
11430
20611
11445
11460
72466
11475
11490
11505
11520
11535
11550
11565
11580
11595
11610
11625
29101
11640
11655
11670
11685
11700
44341
11715
11730
11745
11760
11775
11790
11805
11820
11835
59911
11850
11865
60616
11880
11895
11910
11925
11940
11955
11970
31891
11985
12000
12015
12030
39841
12045
12060
71761
12075
12090
51031
12105
12120
12135
35821
12150
12165
16366
12180
25081
12195
12210
12225
12240
12255
12270
12285
64276
12300
12315
61216
12330
47116
12345
46111
12360
55966
12375
12541
12390
12405
47536
12420
12435
12450
12465
12480
12495
47206
12510
72916
12525
12540
12555
12570
12585
12600
12615
12630
12645
12660
12675
68956
12690
12705
57391
12720
12735
12750
12765
12780
12795
12810
75181
12825
17401
12840
19981
12855
12870
12885
12900
12915
12930
12945
12960
12975
12990
13005
13020
13035
54661
13050
13065
13080
13095
16291
13110
13125
63076
13140
26176
13155
13170
13185
13200
13215
13230
13245
13260
47011
13275
13290
13305
13320
13335
13350
13365
13380
14086
13395
77581
13410
13425
13440
24076
13455
13470
13485
13786
13500
13515
32116
13530
13545
13560
13575
13590
68911
13605
13620
41026
13635
59176
13650
13665
13680
54226
13695
23311
13710
13725
13740
35071
13755
13770
13785
14356
13800
13815
13830
13845
59086
13860
13875
77806
13890
13905
66406
13920
60406
13935
13950
44686
13965
13980
13995
14010
14025
14040
14055
14070
14085
14100
14115
14130
14145
14160
14175
14190
14205
14220
14235
22741
14250
14265
14280
14295
14310
14325
14340
14355
14370
14385
14400
21421
14415
14430
31756
14445
14460
14475
14490
14505
14520
14535
14550
69811
14565
14580
64726
14595
14610
57196
14625
14640
14655
14670
14685
14700
14715
14730
14745
14760
43621
14775
38521
14790
14805
14820
14835
14850
14865
14880
14895
30031
14910
14925
14940
14955
14970
14985
27406
15000
33736
15015
15030
15045
15060
15075
15090
15105
15120
15135
15150
15165
15180
15195
15210
15225
15240
15255
15270
15285
15300
15315
15330
15345
15360
15375
15390
15405
15420
15435
77971
15450
15465
15480
15495
15510
15525
15540
15555
76456
15570
15585
15600
15615
15630
15645
15660
15675
15690
64876
15705
15720
15735
15750
15765
15780
25531
15795
15810
15825
15840
51976
15855
15870
15885
15900
15915
43036
15930
15945
74581
15960
15975
15990
16005
16020
16035
63271
16050
16065
16080
16095
16110
16125
16140
16155
16170
16185
16200
16215
16230
16245
16260
50011
16275
16290
23101
16305
38686
16320
16335
16350
16365
16380
16395
48661
16410
16425
17311
16440
34906
16455
16470
16485
16500
46591
16515
16530
16545
30286
16560
16575
16590
16605
16620
16635
16650
16665
79726
16680
16695
16710
16725
16740
16755
16770
65851
16785
16800
16815
16830
55021
16845
16860
16875
16890
16905
16920
16935
16950
16965
16980
16995
17010
17025
17040
17055
17070
17085
17100
17115
17130
17145
75136
17160
48271
17175
17190
17205
25411
17220
25501
17235
17250
17265
17280
17295
74131
17310
17325
17340
41071
17355
17370
17385
17400
17415
17430
29806
17445
17460
17475
48241
17490
17505
17520
17535
47791
17550
17565
17580
17595
17610
17625
17640
17655
33886
17670
52741
17685
18886
17700
17715
35011
17730
52561
17745
17760
17775
17790
17805
17820
17835
17850
17865
17880
17895
39826
17910
17925
17940
40936
17955
17970
75016
17985
19231
18000
18015
18030
18045
18060
18075
18090
18105
18120
18135
18150
18165
18180
18195
25306
18210
61306
18225
18240
18255
18270
18285
18300
18315
76171
18330
18345
23686
18360
18375
18390
18405
18420
41326
18435
65611
18450
60121
18465
18480
43906
18495
18510
18525
18540
18555
50326
18570
50671
18585
18600
67711
18615
18630
18645
18660
18675
18690
18705
18720
55201
18735
18750
18765
30361
18780
18795
18810
18825
18840
18855
18870
18885
18900
18915
33856
18930
18945
18960
63286
18975
55396
18990
19005
19020
19035
41401
19050
19065
19080
19095
19110
19125
19140
19155
46006
19170
65071
19185
19200
19215
19230
19245
19260
19275
32731
19290
47911
19305
19320
19335
19350
31171
19365
19380
19395
19410
19425
19440
19455
19470
19485
19500
19515
19530
19545
19560
19575
19590
78451
19605
19620
19635
52186
19650
19665
31531
19680
19695
19710
19725
19740
26446
19755
19770
46321
19785
19800
19815
45841
19830
42871
19845
19860
19875
19890
65806
19905
36016
19920
29701
19935
56641
19950
19965
19980
19995
20010
30196
20025
20040
20055
20070
20085
20100
20115
20130
20145
27931
20160
35371
20175
65281
20190
20205
20220
20235
20250
20265
20280
20295
40456
20310
20325
20340
20355
20370
61651
20385
20400
20415
20430
32746
20445
20460
20475
20490
39751
20505
20520
20535
20550
20565
20580
36676
20595
20610
20625
20640
20655
20670
20685
32701
20700
20715
20730
20745
53326
20760
20775
20790
20805
45166
20820
20835
44146
20850
20865
20880
20895
20910
20925
20940
26476
20955
20970
72631
20985
21000
21541
21015
21030
21045
21060
21075
51301
21090
21105
21120
21135
21150
21165
21180
21195
21210
21225
21240
21255
26986
21270
21285
21300
21315
21330
37846
21345
21360
26506
21375
21390
21405
21420
21435
52111
21450
21465
68446
21480
38956
21495
37696
21510
21525
21540
36001
21555
21570
21585
21600
21615
73501
21630
21645
73591
21660
21675
21690
21705
21720
21735
69196
21750
21765
46396
21780
21795
21810
21825
21840
21855
38671
21870
21885
21900
21915
21930
51691
21945
79051
21960
44506
21975
21990
22005
39091
22020
22035
22050
22065
22080
22095
29161
22110
22125
72586
22140
22155
22170
35356
22185
22200
22215
22230
22245
70171
22260
22275
22290
22305
24931
22320
55426
22335
22350
43516
22365
66706
22380
22395
22410
22425
22440
22455
22470
22485
22500
22515
22530
22545
22560
28156
22575
22590
22605
22620
22635
22650
22665
22680
22695
22710
22725
22740
42781
22755
22770
22785
22800
22815
22830
22845
22860
22875
22890
22905
47191
22920
22935
22950
22965
24061
22980
22995
23010
23025
23040
23055
23070
23085
23100
23115
49741
23130
23145
23160
23175
60526
23190
23205
23220
23235
23250
23265
23280
23295
23310
26296
23325
23340
23355
23370
30301
23385
23400
23415
23430
23445
23460
29836
23475
23490
23505
23520
23535
23550
23565
57496
23580
23595
23610
65626
23625
23640
40216
23655
23670
23685
23700
23715
24031
23730
23745
63736
23760
23775
23790
57256
23805
30466
23820
23835
23850
23865
23880
23895
23910
56551
23925
23940
23955
23970
23985
41146
24000
24015
54646
24030
24045
24060
24075
24090
24105
24120
24135
24150
24165
35161
24180
24195
24210
24225
24240
24255
24270
24285
24300
24315
49561
24330
24345
24360
24375
24390
24405
24420
24435
24450
24465
24480
24495
24510
24525
24540
24555
24570
66901
24585
24600
24615
24630
44446
24645
24660
24675
24690
24705
24720
24735
24750
24765
24780
24795
24810
24825
77641
24840
24855
63361
24870
24885
24900
30331
24915
24930
24945
24960
24975
24990
25005
75346
25020
25035
25050
25065
25080
25095
25110
25125
63466
25140
25155
25170
25185
25200
25215
25230
25245
76216
25260
25275
25290
59461
25305
25320
25335
25350
51481
25365
25380
75556
25395
25410
25425
25440
25455
25470
25485
25500
35416
25515
60316
25530
38476
25545
25560
25575
25590
25605
40501
25620
25635
25650
32881
25665
25680
25695
25710
25725
35341
25740
25755
25770
25785
37291
25800
25815
25830
25845
25860
30841
25875
57451
25890
25905
25920
25935
79411
25950
25965
25980
25995
26010
26025
26040
26055
26070
26085
72871
26100
26115
26130
26145
26160
26175
26190
26205
26220
26235
26250
26265
26280
26295
26310
26325
26340
26355
26370
26385
26400
26415
26430
26445
26460
26475
56041
26490
26505
26520
26535
26550
26565
26580
26595
26610
26625
26640
62926
26655
26670
26685
26700
26821
26715
26730
59641
26745
34741
26760
40276
26775
44896
26790
67336
26805
26820
26835
26850
26865
26880
62161
26895
26910
26925
26940
67501
26955
26970
26985
78031
27000
61936
27015
27030
27045
27060
27075
27090
27105
27120
27135
67741
27150
27165
61726
27180
27195
27210
37486
27225
27240
27255
27270
27285
27300
27315
27330
27345
27360
27375
27390
45271
27405
27420
27435
56986
27450
27465
27480
27495
27510
27525
27540
27555
27570
27585
27600
27615
27630
27645
58321
27660
27675
27690
27705
40771
27720
27735
27750
27765
27780
27795
27810
27825
27840
78556
27855
27870
27885
27900
27915
52696
27930
27945
27960
27975
27990
28005
28020
28035
28050
28065
28080
28095
28110
28125
28140
28155
28170
28185
28200
28215
28230
28245
28260
73411
28275
28290
28305
28320
28335
28350
28365
58981
28380
28395
28410
28425
58621
28440
28455
28470
54331
28485
28500
28515
28530
28545
28560
28575
28590
28605
70756
28620
28635
28650
28665
28680
28695
35461
28710
28725
48871
28740
28755
28770
28785
28800
28815
28830
28845
28860
28875
28890
28905
28920
28935
28950
28965
28980
28995
52771
29010
29025
29040
29055
29070
54526
29085
56281
29100
29115
29130
29145
29160
70921
29175
29190
29205
29220
29235
29250
29265
29280
42931
29295
41701
29310
29325
29340
29355
29370
29385
29400
29415
56326
29430
29445
41176
29460
29475
29490
48586
29505
29520
29535
29550
29565
29580
29595
29610
29625
29640
62371
29655
29670
29685
50476
29700
29715
29730
29745
29760
29775
29790
29805
29820
29835
35266
29850
29865
53431
29880
29895
29910
74236
29925
29940
61396
29955
36121
29970
29985
30000
30015
32866
30030
30045
41716
30060
30075
30090
33001
30105
30120
30135
30150
78691
30165
30180
41776
30195
30210
61876
30225
30240
30255
30270
30285
61411
30300
34951
30315
30330
46171
30345
30360
30375
30390
30405
30420
30435
30450
30465
30480
30495
30510
30525
30540
50416
30555
30570
30585
30600
30615
76156
30630
54091
30645
30660
43306
30675
30690
30705
30720
30735
30750
30765
30780
30795
30810
30825
30840
30855
30870
30885
30900
61381
30915
30930
32191
30945
30960
30975
30990
31005
31020
31035
31050
31065
65431
31080
31095
31110
31125
31140
31155
31170
31185
31200
31215
31230
31245
31260
31275
31290
31305
78256
31320
31335
31350
31365
31380
31395
31410
60631
31425
76621
31440
31455
31470
31485
31500
31515
74776
31530
31545
31560
31575
31590
76666
31605
42841
31620
31635
31650
31665
31680
31695
31710
43261
31725
31740
31755
31770
56791
31785
31800
31815
31830
31845
31860
31875
31890
57886
31905
31920
31935
33871
31950
31965
31980
31995
68716
32010
60571
32025
32040
47086
32055
32070
32085
45586
32100
32115
32130
32145
32160
32175
32190
32205
32220
32235
32250
32265
32280
32295
32310
32325
32340
32355
32370
32385
32400
32415
61186
32430
32445
32460
32475
32490
32505
70336
32520
32535
32550
32565
79321
32580
32595
64696
32610
32625
32640
32655
32670
32685
32700
32715
45871
32730
56836
32745
73651
32760
32775
32790
32805
32820
60271
32835
32850
32865
32880
32895
54361
32910
32925
32940
32955
32970
62311
32985
33000
33015
33030
55006
33045
33060
33075
33090
33105
33120
33135
33150
33165
33180
33195
33210
77491
33225
33240
33255
33270
33285
33300
33315
33330
75781
33345
33360
33375
33390
33405
33420
33435
50056
33450
33465
33480
79501
33495
33510
33525
33540
33555
33570
33585
58201
33600
33615
33630
43201
33645
33660
33675
33690
34261
33705
33720
33735
33750
33765
33780
33795
33810
33825
33840
33855
50191
33870
33885
53596
33900
33915
33930
33945
33960
33975
33990
34005
34020
34035
34050
34065
34080
34095
43126
34110
34125
34140
34155
34170
34185
34200
74626
34215
34230
34245
34260
77101
34275
34290
34305
34320
34335
34350
34365
34380
49066
34395
34410
34425
34440
34455
34470
34485
34500
34515
34530
34545
34560
34575
34590
34605
34620
34635
34650
39916
34665
34680
34695
34710
34725
34740
34755
60676
34770
34785
34800
34815
34830
34845
34860
61021
34875
34890
34905
34920
34935
37666
34950
34965
55141
34980
34995
41221
35010
35025
35040
35055
35070
35085
35100
35115
35130
61261
35145
35160
51826
35175
35190
35205
48376
35220
35235
35250
35265
72331
35280
35295
35310
35325
35340
35355
35370
35385
45061
35400
35415
35430
35445
35460
35475
35490
35505
72556
35520
54286
35535
53176
35550
35565
35580
74656
35595
45811
35610
35625
59971
35640
35655
35670
35685
35700
35715
77056
35730
35745
35760
36301
35775
35790
35805
35820
35835
35850
35865
35880
35895
35910
35925
35940
35955
35970
35985
36000
36436
36015
36030
36045
36060
36075
36090
36105
36120
36135
36150
36165
36180
36195
36210
40546
36225
36240
36255
36270
36285
36300
36315
36330
36345
36360
67156
36375
36390
41161
36405
36420
36435
36450
36465
40786
36480
36495
36510
36525
36540
36555
36570
36585
36600
36615
36630
36645
37801
36660
36675
70891
36690
36705
36720
36735
36750
36765
36780
36795
36810
75031
36825
52066
36840
36855
36870
36885
36900
36915
36930
52126
36945
36960
36975
36990
37005
37020
48991
37035
37050
45106
37065
37080
37095
37110
56491
37125
37140
37155
73216
37170
37185
79276
37200
63751
37215
37230
37245
37260
37275
37290
37305
37320
37335
37350
37365
37380
37395
37410
37425
37440
37455
77281
37470
37485
37500
37515
79606
37530
37545
37560
37575
37590
66286
37605
37620
37635
37650
37665
37680
57316
37695
69061
37710
70471
37725
37740
37755
37770
37785
37800
37815
37830
60196
37845
38266
37860
65581
37875
37890
37905
37920
37935
37950
37965
37980
37995
38010
38025
75211
38040
38055
38070
38085
38100
38115
38130
38145
46426
38160
75271
38175
38190
38205
38220
38235
38250
38265
38280
38295
38310
38325
38340
38355
38370
38385
38400
38415
38430
38445
38460
38475
38490
38505
38520
74686
38535
38550
38565
38580
38595
38610
38625
38640
38655
66676
38670
38685
38700
38715
38730
38745
38760
79036
38775
38790
38805
52936
38820
38835
38850
38865
38880
38895
38910
38925
38940
38955
38970
38985
39000
39015
39030
39045
74431
39060
39075
39090
39105
39120
39135
50161
39150
39165
39180
39195
39210
53536
39225
39240
39255
39270
39285
39300
39315
39330
39345
39360
39375
39390
39405
39420
52576
39435
39450
39465
39480
39495
39510
39525
39540
39555
39570
63556
39585
39600
39615
39630
39645
39660
39675
75676
39690
39705
39720
60166
39735
39750
39765
39780
39795
39810
39825
39840
39855
39870
39885
59671
39900
39915
39930
39945
50761
39960
39975
39990
40005
40020
40035
40050
40065
40080
40095
40110
71251
40125
40140
40155
40170
40185
40200
40215
46336
40230
71176
40245
40260
40275
40290
40305
40320
40335
40350
40365
40380
40395
40410
59776
40425
40440
40455
40470
40485
40500
40515
40530
40545
47986
40560
40575
40590
77371
40605
67066
40620
40635
40650
40665
40680
40695
40710
40725
40740
40755
40770
40785
40800
72001
40815
40830
73516
40845
60661
40860
40875
40890
40905
40920
40935
40950
40965
40980
40995
67036
41010
41025
41040
67846
41055
41070
41085
41100
41115
41130
41145
41160
41175
41190
41205
71806
41220
41235
41250
76951
41265
41280
41295
41310
41325
41340
41355
61756
41370
41385
41400
41415
48391
41430
41445
41460
41475
61666
41490
41505
41520
41535
41550
41565
41580
41595
41610
41625
41640
41655
41670
41685
41700
41715
41730
41745
41760
41775
41790
41805
41820
41835
41850
41865
60781
41880
41895
63481
41910
42856
41925
41940
41955
41970
41985
42000
42015
42030
42045
42060
42075
42090
77986
42105
42120
42135
61801
42150
42165
42180
42195
42210
42225
42240
42255
42270
42285
42300
59236
42315
42330
42345
67696
42360
42375
42390
42405
42420
42435
42450
42465
42480
48466
42495
42510
64381
42525
42540
42555
42570
42585
42600
42615
42630
42645
42660
42675
42690
42705
42720
42735
42750
42765
42780
42795
42810
42825
42840
42855
42870
42885
42900
42915
42930
42945
42960
42975
42990
43005
43020
43035
43050
43065
43080
43095
43110
43125
43140
43155
43170
43185
43200
43215
43230
43245
43260
45001
43275
43290
43305
43320
50521
43335
55366
43350
43365
43380
43395
43410
43425
43440
43455
43470
43485
43500
43515
43530
43545
43560
49171
43575
43590
46891
43605
43620
43635
43650
43665
43680
43695
43710
43725
43740
44701
43755
43770
43785
43800
43815
43830
43845
43860
43875
43890
43905
43920
43935
43950
61636
43965
43980
43995
44010
44025
44040
44055
44070
44085
44100
44115
44130
44145
44160
44175
44190
59146
44205
44220
62026
44235
44250
44265
66736
44280
44295
44310
68356
44325
44340
44355
44370
44385
44400
44415
44430
44445
44460
72676
44475
44490
44505
44520
44535
44550
44565
63871
44580
44595
44610
44625
44640
44655
44670
44685
44700
44715
48226
44730
44745
44760
44775
44790
44805
44820
44835
44850
44865
44880
44895
44910
44925
44940
71461
44955
44970
44985
45000
45015
45030
45045
45060
45075
45090
59266
45105
45120
51286
45135
45150
45165
45180
78811
45195
45210
45225
45240
45255
45270
45285
45300
45315
45330
45345
45360
45375
46186
45390
45405
45420
45435
45450
45465
45480
46516
45495
47656
45510
45525
45540
45555
45570
45585
45600
45615
45630
45645
45660
45675
45690
55411
45705
45720
45735
45750
45765
45780
45795
45810
45825
45840
45855
64096
45870
45885
45900
45915
45930
45945
45960
45975
45990
76276
46005
46020
46035
48151
46050
46065
46080
46095
46110
46125
46140
46155
46170
68746
46185
46200
46215
46230
46245
46260
46275
46290
51721
46305
46320
46335
46350
46365
46380
46395
46410
46425
46440
46455
46470
49186
46485
46500
46515
46530
46545
46560
46575
59941
46590
46605
46620
46635
46650
46665
46680
46695
46710
46725
46740
48316
46755
46770
46785
46800
46815
46830
46845
46860
46875
46890
46905
46920
46935
46950
46965
46980
46995
47010
47025
47040
47055
47070
47085
47100
47115
47130
47145
67531
47160
47175
47190
47205
59746
47220
71056
47235
47250
47265
47280
47295
47310
47325
47340
47355
47370
63646
47385
47400
76381
47415
47430
47445
47460
47475
47490
47505
47520
47535
47550
47565
47580
47595
47610
47625
47640
47655
47670
47685
47700
47715
47730
47745
47760
47775
47790
52756
47805
47820
47835
47850
47865
47880
47895
47910
65566
47925
47940
47955
47970
47985
48000
48015
48030
48045
48060
48075
48090
48105
48120
48135
59041
48150
48165
48180
48195
59206
48210
48225
48240
48255
48270
48285
48300
48315
65236
48330
48345
48360
72076
48375
48390
48405
48420
48435
48450
48465
48480
48495
48510
48525
48540
48555
59896
48570
48585
48600
48615
48630
48645
48660
48675
48690
48705
48720
48735
48750
48765
48780
48795
48810
68071
48825
48840
48855
48870
48885
48900
48915
48930
79936
48945
48960
56401
48975
48990
49005
49020
49035
49096
49050
49065
49080
49095
49110
49125
49140
49155
49170
49185
49200
49215
49230
49245
49260
49275
49290
54466
49305
66451
49320
49335
49350
59161
49365
49380
49395
49410
75661
49425
49440
49455
49470
49485
49500
49515
49530
49545
49560
49575
49590
49605
49620
49635
49650
49665
49680
49695
49710
49725
49740
49755
49770
49785
60391
49800
49815
49830
49845
49860
49875
49890
49905
49920
49935
49950
49965
49980
49995
53776
50010
50025
50040
54496
50055
50070
70366
50085
50100
50115
50130
50145
50160
50175
50190
50205
50220
50235
55696
50250
50265
50280
50295
50310
50325
50340
50355
50370
65476
50385
50400
57361
50415
50430
50445
50460
50475
50490
50505
50520
50535
50550
50565
50580
50595
50610
50625
50640
74671
50655
67966
50670
50685
50700
50715
50730
50745
50760
50775
50790
50805
50820
50835
50850
50865
50880
50895
50910
50925
50940
50955
50970
50985
51000
51015
60976
51030
51045
51060
51075
51090
51105
51120
51135
51150
51165
71956
51180
51195
51210
51225
51240
51255
51270
51285
68221
51300
51315
51330
51345
51360
51375
51390
51405
51420
51435
51450
51465
51480
51495
51510
51525
51540
51555
67486
51570
51585
51600
51615
51630
51645
74896
51660
51675
51690
51705
51720
51735
51750
51765
51780
51795
51810
51825
51840
51855
51870
51885
51900
51915
51930
51945
51960
51975
66181
51990
52005
52020
52035
52050
52065
52080
52095
52110
52125
52140
52155
52170
52185
52200
52215
52230
52245
52260
52275
52290
52305
52320
52335
52350
52365
52380
52395
52410
52425
70501
52440
56806
52455
52470
52485
70081
52500
53221
52515
53686
52530
52545
52560
52575
52590
55771
52605
52620
63976
52635
52650
52665
52680
52695
52710
52725
52740
52755
52770
52785
52800
52815
52830
52845
52860
52875
52890
71521
52905
52920
52935
62071
52950
52965
52980
52995
53010
53025
53040
65791
53055
53070
53085
53100
53115
53130
63991
53145
53160
53175
53190
53205
53220
53235
53250
53265
53280
53295
53310
53325
53340
53355
53370
53385
53400
53415
53430
53445
53460
53475
53490
53505
53520
53535
53550
53565
53580
53595
53610
53625
53640
53655
53670
53685
53700
53715
53730
53745
53760
53775
53790
53805
53820
53835
53850
53865
53880
59566
53895
53910
79966
53925
53940
53955
53970
53985
54000
54015
54030
54045
54060
54075
54090
54105
54120
69076
54135
54150
54165
54180
54195
54210
54225
54240
54255
54270
54285
54300
54315
54330
54345
55921
54360
54375
54390
54405
54420
54435
67321
54450
54465
54480
54495
54510
54525
54540
54555
54570
54585
54600
54615
54630
54645
54660
54675
54690
54705
54720
66991
54735
54750
54765
54780
54795
54810
54825
54840
54855
54870
54885
54900
54915
54930
54945
54960
54975
54990
55005
55020
55035
55050
55065
55080
55095
55110
55125
55140
55155
55170
55185
55200
55215
55230
55245
55260
55275
55290
55305
55320
55335
55350
55365
55380
55395
55410
55425
55440
55455
55470
55485
55500
55515
55530
55545
64336
55560
58306
55575
55590
55605
55620
55635
55650
55665
55680
56386
55695
55710
55725
55740
55755
55770
55785
55800
55815
55830
55845
55860
55875
55890
55905
55920
55935
69886
55950
55965
55980
55995
56010
56025
56040
56055
63241
56070
56085
56100
56115
56130
56145
56160
56175
56190
56205
56220
56235
56250
56265
56280
56295
56310
56325
56340
56355
56370
56385
56400
56415
56430
56445
56460
56475
56490
56505
56520
56535
56550
56565
56580
56595
76036
56610
56625
56640
56655
69541
56670
56685
56700
56715
56730
72721
56745
56760
56775
62131
56790
56805
56820
56835
56850
56865
56880
56895
56910
56925
60181
56940
56955
65941
56970
56985
57000
57015
57030
57045
57060
57075
57090
57105
57120
57135
57150
57165
57180
57195
78346
57210
71626
57225
57240
57255
57270
57285
57300
57315
57330
57345
76186
57360
57375
57390
57405
57420
57435
57450
57465
57480
57495
57510
57525
57540
57555
57570
57585
57600
57615
57630
57645
57660
57675
57690
69466
57705
61621
57720
57735
57750
79996
57765
57780
57795
57810
57825
57840
57855
57870
57885
57900
57915
57930
57945
57960
57975
73426
57990
58005
58020
58035
58050
58065
58080
58095
58110
58125
58140
58155
66511
58170
58185
58200
58215
58230
58245
58260
58275
58290
64171
58305
58320
58335
58350
58365
58380
77536
58395
58410
58425
58440
58455
58470
58485
58500
58515
58530
58545
67246
58560
58575
64291
58590
58605
58620
69496
58635
58650
58665
58680
78196
58695
58710
58725
58740
58755
58770
58785
58800
58815
58830
58845
58860
58875
58890
58905
58920
58935
58950
58965
58980
58995
59010
59025
59040
59055
59070
59085
59100
59115
59130
59145
59160
59175
59190
59205
59220
59235
59250
59265
65161
59280
59295
59310
59325
59340
59355
59370
59385
59400
59415
59430
59445
59460
59475
59490
59505
59520
59535
59550
59565
59580
59595
59610
59625
59640
59655
59670
59685
59700
59715
59730
59745
59760
59775
59790
59805
59820
59835
59850
59865
59880
59895
59910
59925
59940
59955
76426
59970
59985
60000
60015
60030
60045
60060
60075
60090
60105
60120
60135
60150
60165
60180
60195
60210
60225
60240
60255
76501
60270
60285
60300
60315
60330
69436
60345
71236
60360
60375
60390
60405
73246
60420
60435
60450
60465
60480
60495
60510
60525
60540
60555
60570
60585
60600
72886
60615
72601
60630
61516
60645
60660
60675
60690
60705
60720
60735
60750
60765
60780
60795
60810
60825
60840
60855
60870
60885
60900
60915
60930
60945
60960
60975
60990
61005
61020
61035
61050
69691
61065
61080
61095
61110
61125
61140
61155
61170
61185
61200
61215
79396
61230
61245
61260
61275
61290
61305
61320
61335
61350
61365
68386
61380
61395
61410
61425
61440
61455
61470
61485
61500
61515
61530
63316
61545
61560
61575
61590
61605
61620
61635
61650
61665
61680
61695
61710
61725
61740
61755
61770
61785
61800
61815
61830
61845
61860
61875
61890
61905
61920
61935
61950
61965
61980
61995
62010
62025
62040
62055
62070
62085
62100
62115
69511
62130
62145
62160
62175
74266
62190
62205
62220
62235
62250
62265
62280
62295
62310
62325
62340
62355
62370
62385
62400
62415
62430
62445
62460
63766
62475
62490
62505
62520
78916
62535
62550
62565
62580
62595
62610
62625
62640
62655
62670
62685
62700
62715
62730
62745
62760
62775
62790
62805
62820
62835
62850
62865
62880
62895
62910
65176
62925
62940
62955
62970
62985
63000
63015
63030
63045
63060
63075
63090
63105
63120
63135
67411
63150
63165
63180
63195
63210
63225
71221
63240
63255
63270
63285
63300
63315
63330
63345
63360
63375
63390
63405
63420
63435
63450
63465
63480
63495
63510
63525
63540
63555
63570
63585
63600
63615
63630
63645
63660
73846
63675
63690
63705
63720
63735
63750
63765
63780
63795
63810
63825
63840
63855
63870
63885
63900
63915
63930
63945
63960
63975
63990
64005
64020
64035
64050
64065
64080
64095
64110
64125
64140
64155
64170
64185
64200
64215
64230
64245
64260
64275
64290
64305
64320
64335
64350
64365
64380
64395
64410
64425
64440
64455
64470
64485
64500
64515
64530
64545
64560
64575
70111
64590
64605
64620
64635
64650
64665
64680
66331
64695
64710
64725
64740
64755
64770
64785
64800
64815
64830
64845
64860
64875
64890
64905
64920
64935
64950
64965
64980
64995
65010
65025
65040
65055
65070
65085
65100
65115
65130
77686
65145
65160
65175
65190
65746
65205
65220
65235
65250
65265
65280
65295
65310
65325
65340
65355
65370
65385
65400
65415
65430
65445
65460
65475
65490
65505
65520
65535
65550
65565
65580
65595
65610
65625
65640
65655
65670
65685
65700
65715
65730
65745
65760
65775
65790
65805
75841
65820
65835
65850
65865
65880
65895
65910
65925
65940
65955
65970
65985
66000
66015
66030
66045
66060
66075
66090
66105
66120
66135
66150
66165
66180
66195
66210
66225
66240
66255
66270
66285
66300
66315
66330
69256
66345
66360
66375
66390
66405
66420
66435
66450
66465
66480
66495
66510
66525
66540
66555
66570
66585
66600
66615
66630
66645
66660
66675
77521
66690
66705
66720
77551
66735
66750
66765
66780
66795
66810
66825
66840
66855
66870
66885
66900
66915
66930
66945
66960
66975
66990
67005
67020
67035
67050
67065
67080
67095
67110
67125
67140
67155
69241
67170
67185
67200
67215
67230
67245
67260
67275
67290
67305
67320
67335
67350
67365
67380
67395
67410
67425
67440
67455
71326
67470
67485
67500
67515
67530
67545
67560
67575
67590
67605
67620
67635
67650
67665
67680
67695
67710
67725
67740
67755
67770
67785
68251
67800
67815
67830
67845
67860
67875
67890
67905
67920
67935
67950
67965
67980
67995
68010
68025
68040
68055
68070
68085
68100
68115
68130
68145
68160
68175
68190
68205
68220
68235
68250
68265
68280
68295
68310
68325
68340
68355
68370
68385
68400
68415
68430
68445
68460
68475
68490
68505
71581
68520
68535
68550
68565
68580
68595
68610
68625
68640
68655
68670
68685
68700
68715
68730
68745
68760
68775
68790
68805
68820
68835
68850
68865
68880
68895
68910
68925
68940
68955
68970
68985
69000
69015
69030
69045
69060
69075
69090
78736
69105
69120
69135
77146
69150
69165
69180
69195
69210
69225
69240
69255
69270
69285
69300
69315
69330
69345
69360
69375
69390
69405
69420
69435
69450
69465
69480
69495
69510
69525
69540
69555
69570
69585
69600
69615
75586
69630
69645
69660
69675
69690
69705
69720
69735
69750
69765
69780
69795
69810
69825
77461
69840
69855
69870
69885
69900
69915
69930
69945
69960
69975
69990
70005
70020
70035
70050
70486
70065
70080
70095
70110
70125
70140
70155
70170
70185
70200
70215
70230
70245
70260
70275
70290
70305
70320
70335
70350
70365
70380
70395
78781
70410
70425
70440
70455
70470
70485
70500
70515
70530
70545
70560
70575
70590
70605
70620
70635
70650
70665
70680
70695
70710
70725
70740
70755
70770
70785
70800
70815
70830
73366
70845
78406
70860
70875
76006
70890
70905
70920
70935
70950
70965
70980
70995
71010
71025
71040
71055
71070
71085
71100
71115
71130
71145
71160
71175
71190
71205
71220
71235
71250
71265
71280
71295
71310
71325
71340
71355
71370
71385
71400
71415
71430
71445
71460
71475
71490
71505
71520
71535
71550
71565
71580
71595
71610
71625
79366
71640
71655
71670
71685
71700
73381
71715
71730
71745
71760
71775
71790
78016
71805
71820
71835
71850
71865
71880
71895
71910
71925
71940
71955
71970
76111
71985
72000
72015
72030
72045
72060
72075
73546
72090
72105
72120
72135
72150
72165
72180
72195
72210
72225
72240
72255
72270
72285
72300
72315
72330
72345
72360
72375
72390
72405
72420
72435
72450
72465
72480
72495
72510
72525
72540
72555
72570
72585
72600
72615
72630
72645
72660
72675
72690
72705
72720
72735
72750
72765
72780
72795
72810
72825
72840
72855
72870
79546
72885
72900
72915
72930
72945
72960
72975
72990
73005
73020
73035
73050
73065
73080
73095
73110
73125
73140
73155
73170
73185
73200
73215
73230
73245
73260
73696
73275
73290
73305
73320
73335
73350
73365
73380
73395
73410
73425
73440
73455
73470
73485
73500
73515
73530
73545
73560
73575
73590
73605
73620
73635
73650
73665
73680
73695
73710
73725
73740
73755
73770
73785
73800
73815
73830
73845
73860
73875
73890
73905
73920
73935
73950
73965
73980
73995
74010
74025
74040
74055
74070
74085
74100
74115
74130
74145
74160
74175
74190
74205
74220
74235
74250
74265
74280
74295
74310
74325
74340
74355
74370
74385
74400
74415
74430
74445
74460
74475
74490
74505
74520
74535
74550
74565
74580
74595
74610
74625
74640
74655
74670
74685
74700
74715
74730
74745
74760
74775
74790
74805
74820
74835
74850
74865
74880
74895
74910
74925
74940
74955
74970
74985
75000
75015
75030
75045
75060
75075
75090
75105
75120
75135
75150
75165
75180
75195
75210
75225
75240
75255
75270
75285
75300
75315
75330
75345
75360
75375
75390
75405
75420
75435
75450
75465
75480
75495
75510
75525
75540
75555
75570
75585
75600
75615
75630
75645
75660
75675
75690
75705
75720
75735
75750
75765
75780
75795
75810
75825
75840
75855
75870
75885
75900
75915
75930
75945
75960
75975
75990
76005
76020
76035
76050
76065
76080
76095
76110
76125
76140
76155
76170
76185
76200
76215
76230
76245
76260
76275
76290
76305
76320
76335
76350
76365
76380
76395
76410
76425
76440
76455
76470
76485
76500
76515
76530
76545
76560
76575
76590
76605
76620
76635
76650
76665
76680
76695
76710
76725
76740
76755
76770
76785
76800
76815
76830
76845
76860
76875
76890
76905
76920
76935
76950
76965
76980
76995
77010
77025
77040
77055
77070
77085
77100
77115
77130
77145
77160
77175
77190
77205
77220
77235
77250
77265
77280
77295
77310
77325
77340
77355
77370
77385
78211
77400
77415
77430
77445
77460
77475
77490
77505
77520
77535
77550
77565
79771
77580
78526
77595
77610
77625
77640
77655
77670
77685
77700
77715
77730
77745
77760
77775
77790
77805
77820
77835
77850
77865
77880
77895
77910
77925
77940
77955
77970
77985
78000
78015
78030
78045
78060
78075
78090
78105
78120
78135
78150
79846
78165
78180
78195
78210
78225
78240
78255
78270
78285
78300
78315
78330
78345
78360
78375
78390
78405
78420
78435
78450
78465
78480
78495
78510
78525
78540
78555
78570
78585
78600
78615
78630
78645
78660
78675
78690
78705
78720
78735
79816
78750
78765
78780
78795
78810
78825
78840
78855
78870
78885
78900
78915
78930
78945
78960
78975
78990
79005
79020
79035
79050
79065
79080
79095
79110
79125
79140
79155
79170
79185
79200
79215
79230
79245
79260
79275
79290
79305
79320
79335
79350
79365
79380
79395
79410
79425
79440
79455
79470
79485
79500
79515
79530
79545
79560
79575
79590
79605
79620
79635
79650
79665
79680
79695
79710
79725
79740
79755
79770
79785
79800
79815
79830
79845
79860
79875
79890
79905
79920
79935
79950
79965
79980
79995