749
1
28
3
290 291
4
51 52
5
104 105
2 6
743
7
949 952
9
22
8 10
449 452
11
511 512
13
606
14
475 476
12 15
242 243
16
454 455
17
387
19
30 31
18 20
280 285
21
133 134
23
567
24
97 99
25
478 481
26 27
344 345
29
676 681
33
38
34
65 66
35
358
32 36
137 138
39
858 861
37 40
88 91
41
433
42
670 673
43
169 171
45
794 795
44 46
995 996
48
160 161
47 49
150 151
50
155 156
53 54
70
56
72 76
55 57
617 618
58 59
715 716
60
197
62
576
63
262 263
61 64
234 236
67 68
488
69 71
327 330
73
128 129
74
100
75
616
77
350 353
78
286
79 80
991 993
81
373 375
83
162 163
82 84
182 183
85 86
414 415
87
482 484
89
199 200
90
659 660
92
152 153
93 94
856 857
95 96
758 759
98
140
101 102
272
103
769 770
106
227 231
107
195 198
109
820
110
371 372
111
130 131
112
146 147
113
838 840
108 114
531
115 116
248 249
117 118
376 382
120
492 494
121
201
122
141
119 123
203
125
951
124 126
619 620
127
217
132
176
135
208
136
157 158
139
928 929
142
178
143 144
806 808
145
768
148
204 206
149
336 337
154
483
159
271 273
164
383 384
166
253 256
167
799
165 168
338 339
170
746
172 173
193
174
410 413
177
835 837
179
194
175 180
395 398
181
237 238
184
755
186
276
187
471 474
185 188
817 818
189
612 615
190 191
544 545
192
513 517
196
436
202
250 252
205
288 289
209
215 218
210
245
211
287
212
622 624
213
703 705
207 214
318 321
216
801 805
219
278
220
745
222
514
221 223
313
225
355 359
224 226
295 297
228
281
229
232
230
497
233
239
235
519
240
388 390
241
264 266
244 246
552 553
247
255
251
636 637
254
277
258
688
257 259
707
260
366 368
261
472
265
269 270
267
457
268
435
274
424 426
275
915 916
279
674 675
282
303
283
461 464
284
580 581
292
648
293
307 310
294
798 800
296
479
298
754
299
385 386
300
393
301
458 459
302
367
305
392 394
304 306
571 572
308
381
309
644
311
445 447
312
803
314
744 749
315
332
316
518 521
317
352
319
329
320
408 409
323
923
322 324
363 365
325
638
326
348
328
465 466
333
430
334
356
331 335
450
340
778
342
360
341 343
721 726
346
377
347
573 577
349
814 816
351
357
354
370
361
396
362
988 990
364
399 401
369
943 945
374
419 422
378
432 434
379
389
380
443 444
391
405 407
397
623
400
493
402 403
427 428
404
546
406
446
411
503 510
412
584
416
750 751
417 418
708
420
717 720
421
439
423
756
425
440
429
550
431
712
437 438
587 589
441
775
442
984 985
448
469 470
451
590 595
453
495 496
456
965 967
460
654
462
661 662
463
498 501
467
815
468
502
473
487 490
477
559
480
604
485
529 534
486
508
489
507
491
504
499
723
500
647
505
524 525
506
535 537
509
557
515
527 528
516
522 523
520
867
526
939
530
872 873
532
630 631
533
728
536
711 714
538
542 543
539
625 628
540
549
541
942
547 548
683 684
551
558 562
554
946 947
555
561
556
563 564
560
771
565
732
566 568
868 871
569
645
570
582 583
574
807
575
731 735
578 579
847 853
585 586
664 665
588
760 762
591
698 699
592
881 882
593
600 601
594
830
596
655
597
737 740
598 599
718
602
614
605
964
603 607
613
608 609
828 832
610
666 668
611
741
621
656
626
629
627
849
632 633
634 635
639
706
640
652
641
992
642
680
646
679
649
725
650
924
643 651
909 910
653 657
779
658
862 866
663
870
667
682
669
974 977
671
700 701
672
685 686
677
802
678
747
687
692
690
729
691
787
693
689 695
694
722
696 697
763 765
702
888
704
719
709 710
903 904
713
742
724
887
727
824 825
730
736
733
772
734
852
738
752 753
739
920 927
748
892 894
757
883 884
761
998
764
821
766
784
767
773 774
776
880
777
812
780
860
781 782
810 813
785
901 902
786
876 879
783 788
796 797
790
960 961
791
819
792
831
789 793
981 982
804
827
809
921
811
843
822
897 898
823
844
826
836
829
878
833 834
963
839
906
842
922
845
841 846
848
933
850
899
851
957 958
854
926
855
863
859
874
864
997
865
885 891
869
911 912
875
889
877
890
886
913
893
940 941
895
934 937
896
936
900
918 919
905
931
907
908
914
959
917
976
925
935
930 932
972
938
970
944
953 956
948
986
950
994
954
979 980
955
962
969
966
983
971
978
968 973
975
987
989